5 4 2199
5 6 0.2177
5 3 0.1924
5 2 0.1873
5 7 0.1778
5 8 0.1734
5 10 0.1663
5 9 0.1640
5 1 0.1629
5 0 0.1604
7 7 1.0000
7 8 0.2155
7 6 0.1998
7 4 0.1830
7 5 0.1778
7 0 0.1737
7 1 0.1694
7 3 0.1685
7 2 0.1673
7 10 0.1670
7 9 0.1435
3 3 1.0000
3 2 0.2351
3 4 0.2284
3 1 0.2044
3 5 0.1924
3 6 0.1859
3 0 0.1831
3 7 0.1685
3 8 0.1574
3 10 0.1570
3 9 0.1402
4 4 1.0000
4 3 0.2284
4 5 0.2199
4 2 0.2098
4 6 0.1955
4 1 0.1938
4 7 0.1830
4 0 0.1754
4 8 0.1659
4 10 0.1643
4 9 0.1394
6 6 1.0000
6 5 0.2177
6 7 0.1998
6 4 0.1955
6 8 0.1874
6 3 0.1859
6 2 0.1843
6 10 0.1774
6 9 0.1705
6 0 0.1628
6 1 0.1612
2 2 1.0000
2 1 0.2620
2 3 0.2351
2 0 0.2186
2 4 0.2098
2 10 0.1910
2 5 0.1873
2 6 0.1843
2 7 0.1673
2 8 0.1638
2 9 0.1506
1 1 0.9999
1 2 0.2620
1 0 0.2559
1 3 0.2044
1 4 0.1938
1 10 0.1803
1 7 0.1694
1 5 0.1629
1 6 0.1612
1 8 0.1574
1 9 0.1298
0 0 1.0000
0 1 0.2559
0 10 0.2279
0 2 0.2186
0 3 0.1831
0 4 0.1754
0 7 0.1737
0 6 0.1628
0 8 0.1605
0 5 0.1604
0 9 0.1524
8 8 1.0000
8 7 0.2155
8 6 0.1874
8 10 0.1771
8 5 0.1734
8 9 0.1723
8 4 0.1659
8 2 0.1638
8 0 0.1605
8 3 0.1574
8 1 0.1574
9 9 1.0000
9 10 0.2089
9 8 0.1723
9 6 0.1705
9 5 0.1640
9 0 0.1524
9 2 0.1506
9 7 0.1436
9 3 0.1402
9 4 0.1394
9 1 0.1298
10 10 0.9999
10 0 0.2279
10 9 0.2089
10 2 0.1910
10 1 0.1803
10 6 0.1774
10 8 0.1771
10 7 0.1670
10 5 0.1663
10 4 0.1643
10 3 0.1570
